p cnf 20 430
c Start cnf_neighboursOneAndTwo
1 0
2 10 0
-2 10 0
-3 2 10 0
-4 2 10 0
-5 2 10 0
-6 2 10 0
-7 2 10 0
-8 2 10 0
-9 2 10 0
-10 2 0
2 0
1 3 0
-1 3 0
-3 1 0
-4 1 3 0
-5 1 3 0
-6 1 3 0
-7 1 3 0
-8 1 3 0
-9 1 3 0
-10 1 3 0
3 0
2 4 0
-1 2 4 0
-2 4 0
-4 2 0
-5 2 4 0
-6 2 4 0
-7 2 4 0
-8 2 4 0
-9 2 4 0
-10 2 4 0
4 0
3 5 0
-1 3 5 0
-2 3 5 0
-3 5 0
-5 3 0
-6 3 5 0
-7 3 5 0
-8 3 5 0
-9 3 5 0
-10 3 5 0
5 0
4 6 0
-1 4 6 0
-2 4 6 0
-3 4 6 0
-4 6 0
-6 4 0
-7 4 6 0
-8 4 6 0
-9 4 6 0
-10 4 6 0
6 0
5 7 0
-1 5 7 0
-2 5 7 0
-3 5 7 0
-4 5 7 0
-5 7 0
-7 5 0
-8 5 7 0
-9 5 7 0
-10 5 7 0
7 0
6 8 0
-1 6 8 0
-2 6 8 0
-3 6 8 0
-4 6 8 0
-5 6 8 0
-6 8 0
-8 6 0
-9 6 8 0
-10 6 8 0
8 0
7 9 0
-1 7 9 0
-2 7 9 0
-3 7 9 0
-4 7 9 0
-5 7 9 0
-6 7 9 0
-7 9 0
-9 7 0
-10 7 9 0
9 0
8 10 0
-1 8 10 0
-2 8 10 0
-3 8 10 0
-4 8 10 0
-5 8 10 0
-6 8 10 0
-7 8 10 0
-8 10 0
-10 8 0
10 0
1 9 0
-1 9 0
-2 1 9 0
-3 1 9 0
-4 1 9 0
-5 1 9 0
-6 1 9 0
-7 1 9 0
-8 1 9 0
-9 1 0
11 0
-11 0
c AllInTriangle 
11 12 0
-11 -12 -13 0
11 12 0
-11 -12 -14 0
11 12 0
-11 -12 -15 0
11 12 0
-11 -12 -16 0
11 12 0
-11 -12 -17 0
11 12 0
-11 -12 -18 0
11 12 0
-11 -12 -19 0
11 12 0
-11 -12 -20 0
11 20 0
-11 -20 -12 0
11 20 0
-11 -20 -13 0
11 20 0
-11 -20 -14 0
11 20 0
-11 -20 -15 0
11 20 0
-11 -20 -16 0
11 20 0
-11 -20 -17 0
11 20 0
-11 -20 -18 0
11 20 0
-11 -20 -19 0
12 11 0
-12 -11 -13 0
12 11 0
-12 -11 -14 0
12 11 0
-12 -11 -15 0
12 11 0
-12 -11 -16 0
12 11 0
-12 -11 -17 0
12 11 0
-12 -11 -18 0
12 11 0
-12 -11 -19 0
12 11 0
-12 -11 -20 0
12 13 0
-12 -13 -11 0
12 13 0
-12 -13 -14 0
12 13 0
-12 -13 -15 0
12 13 0
-12 -13 -16 0
12 13 0
-12 -13 -17 0
12 13 0
-12 -13 -18 0
12 13 0
-12 -13 -19 0
12 13 0
-12 -13 -20 0
13 12 0
-13 -12 -11 0
13 12 0
-13 -12 -14 0
13 12 0
-13 -12 -15 0
13 12 0
-13 -12 -16 0
13 12 0
-13 -12 -17 0
13 12 0
-13 -12 -18 0
13 12 0
-13 -12 -19 0
13 12 0
-13 -12 -20 0
13 14 0
-13 -14 -11 0
13 14 0
-13 -14 -12 0
13 14 0
-13 -14 -15 0
13 14 0
-13 -14 -16 0
13 14 0
-13 -14 -17 0
13 14 0
-13 -14 -18 0
13 14 0
-13 -14 -19 0
13 14 0
-13 -14 -20 0
14 13 0
-14 -13 -11 0
14 13 0
-14 -13 -12 0
14 13 0
-14 -13 -15 0
14 13 0
-14 -13 -16 0
14 13 0
-14 -13 -17 0
14 13 0
-14 -13 -18 0
14 13 0
-14 -13 -19 0
14 13 0
-14 -13 -20 0
14 15 0
-14 -15 -11 0
14 15 0
-14 -15 -12 0
14 15 0
-14 -15 -13 0
14 15 0
-14 -15 -16 0
14 15 0
-14 -15 -17 0
14 15 0
-14 -15 -18 0
14 15 0
-14 -15 -19 0
14 15 0
-14 -15 -20 0
15 14 0
-15 -14 -11 0
15 14 0
-15 -14 -12 0
15 14 0
-15 -14 -13 0
15 14 0
-15 -14 -16 0
15 14 0
-15 -14 -17 0
15 14 0
-15 -14 -18 0
15 14 0
-15 -14 -19 0
15 14 0
-15 -14 -20 0
15 16 0
-15 -16 -11 0
15 16 0
-15 -16 -12 0
15 16 0
-15 -16 -13 0
15 16 0
-15 -16 -14 0
15 16 0
-15 -16 -17 0
15 16 0
-15 -16 -18 0
15 16 0
-15 -16 -19 0
15 16 0
-15 -16 -20 0
16 15 0
-16 -15 -11 0
16 15 0
-16 -15 -12 0
16 15 0
-16 -15 -13 0
16 15 0
-16 -15 -14 0
16 15 0
-16 -15 -17 0
16 15 0
-16 -15 -18 0
16 15 0
-16 -15 -19 0
16 15 0
-16 -15 -20 0
16 17 0
-16 -17 -11 0
16 17 0
-16 -17 -12 0
16 17 0
-16 -17 -13 0
16 17 0
-16 -17 -14 0
16 17 0
-16 -17 -15 0
16 17 0
-16 -17 -18 0
16 17 0
-16 -17 -19 0
16 17 0
-16 -17 -20 0
17 16 0
-17 -16 -11 0
17 16 0
-17 -16 -12 0
17 16 0
-17 -16 -13 0
17 16 0
-17 -16 -14 0
17 16 0
-17 -16 -15 0
17 16 0
-17 -16 -18 0
17 16 0
-17 -16 -19 0
17 16 0
-17 -16 -20 0
17 18 0
-17 -18 -11 0
17 18 0
-17 -18 -12 0
17 18 0
-17 -18 -13 0
17 18 0
-17 -18 -14 0
17 18 0
-17 -18 -15 0
17 18 0
-17 -18 -16 0
17 18 0
-17 -18 -19 0
17 18 0
-17 -18 -20 0
18 17 0
-18 -17 -11 0
18 17 0
-18 -17 -12 0
18 17 0
-18 -17 -13 0
18 17 0
-18 -17 -14 0
18 17 0
-18 -17 -15 0
18 17 0
-18 -17 -16 0
18 17 0
-18 -17 -19 0
18 17 0
-18 -17 -20 0
18 19 0
-18 -19 -11 0
18 19 0
-18 -19 -12 0
18 19 0
-18 -19 -13 0
18 19 0
-18 -19 -14 0
18 19 0
-18 -19 -15 0
18 19 0
-18 -19 -16 0
18 19 0
-18 -19 -17 0
18 19 0
-18 -19 -20 0
19 18 0
-19 -18 -11 0
19 18 0
-19 -18 -12 0
19 18 0
-19 -18 -13 0
19 18 0
-19 -18 -14 0
19 18 0
-19 -18 -15 0
19 18 0
-19 -18 -16 0
19 18 0
-19 -18 -17 0
19 18 0
-19 -18 -20 0
19 20 0
-19 -20 -11 0
19 20 0
-19 -20 -12 0
19 20 0
-19 -20 -13 0
19 20 0
-19 -20 -14 0
19 20 0
-19 -20 -15 0
19 20 0
-19 -20 -16 0
19 20 0
-19 -20 -17 0
19 20 0
-19 -20 -18 0
20 11 0
-20 -11 -12 0
20 11 0
-20 -11 -13 0
20 11 0
-20 -11 -14 0
20 11 0
-20 -11 -15 0
20 11 0
-20 -11 -16 0
20 11 0
-20 -11 -17 0
20 11 0
-20 -11 -18 0
20 11 0
-20 -11 -19 0
20 19 0
-20 -19 -11 0
20 19 0
-20 -19 -12 0
20 19 0
-20 -19 -13 0
20 19 0
-20 -19 -14 0
20 19 0
-20 -19 -15 0
20 19 0
-20 -19 -16 0
20 19 0
-20 -19 -17 0
20 19 0
-20 -19 -18 0
