p cnf 24 3072
c Start cnf_neighboursOneAndTwo
1 0
2 4 5 12 13 0
-2 4 5 12 13 0
-3 2 4 5 12 13 0
-4 2 5 12 13 0
-5 2 4 12 13 0
-6 2 4 5 12 13 0
-7 2 4 5 12 13 0
-8 2 4 5 12 13 0
-9 2 4 5 12 13 0
-10 2 4 5 12 13 0
-11 2 4 5 12 13 0
-12 2 4 5 13 0
-13 2 4 5 12 0
-14 2 4 5 12 13 0
-15 2 4 5 12 13 0
-16 2 4 5 12 13 0
-17 2 4 5 12 13 0
-18 2 4 5 12 13 0
-19 2 4 5 12 13 0
-20 2 4 5 12 13 0
-21 2 4 5 12 13 0
-22 2 4 5 12 13 0
-23 2 4 5 12 13 0
-24 2 4 5 12 13 0
2 0
1 3 6 7 14 0
-1 3 6 7 14 0
-3 1 6 7 14 0
-4 1 3 6 7 14 0
-5 1 3 6 7 14 0
-6 1 3 7 14 0
-7 1 3 6 14 0
-8 1 3 6 7 14 0
-9 1 3 6 7 14 0
-10 1 3 6 7 14 0
-11 1 3 6 7 14 0
-12 1 3 6 7 14 0
-13 1 3 6 7 14 0
-14 1 3 6 7 0
-15 1 3 6 7 14 0
-16 1 3 6 7 14 0
-17 1 3 6 7 14 0
-18 1 3 6 7 14 0
-19 1 3 6 7 14 0
-20 1 3 6 7 14 0
-21 1 3 6 7 14 0
-22 1 3 6 7 14 0
-23 1 3 6 7 14 0
-24 1 3 6 7 14 0
3 0
2 4 8 9 13 15 0
-1 2 4 8 9 13 15 0
-2 4 8 9 13 15 0
-4 2 8 9 13 15 0
-5 2 4 8 9 13 15 0
-6 2 4 8 9 13 15 0
-7 2 4 8 9 13 15 0
-8 2 4 9 13 15 0
-9 2 4 8 13 15 0
-10 2 4 8 9 13 15 0
-11 2 4 8 9 13 15 0
-12 2 4 8 9 13 15 0
-13 2 4 8 9 15 0
-14 2 4 8 9 13 15 0
-15 2 4 8 9 13 0
-16 2 4 8 9 13 15 0
-17 2 4 8 9 13 15 0
-18 2 4 8 9 13 15 0
-19 2 4 8 9 13 15 0
-20 2 4 8 9 13 15 0
-21 2 4 8 9 13 15 0
-22 2 4 8 9 13 15 0
-23 2 4 8 9 13 15 0
-24 2 4 8 9 13 15 0
4 0
1 3 10 11 13 16 0
-1 3 10 11 13 16 0
-2 1 3 10 11 13 16 0
-3 1 10 11 13 16 0
-5 1 3 10 11 13 16 0
-6 1 3 10 11 13 16 0
-7 1 3 10 11 13 16 0
-8 1 3 10 11 13 16 0
-9 1 3 10 11 13 16 0
-10 1 3 11 13 16 0
-11 1 3 10 13 16 0
-12 1 3 10 11 13 16 0
-13 1 3 10 11 16 0
-14 1 3 10 11 13 16 0
-15 1 3 10 11 13 16 0
-16 1 3 10 11 13 0
-17 1 3 10 11 13 16 0
-18 1 3 10 11 13 16 0
-19 1 3 10 11 13 16 0
-20 1 3 10 11 13 16 0
-21 1 3 10 11 13 16 0
-22 1 3 10 11 13 16 0
-23 1 3 10 11 13 16 0
-24 1 3 10 11 13 16 0
5 0
1 6 8 9 17 0
-1 6 8 9 17 0
-2 1 6 8 9 17 0
-3 1 6 8 9 17 0
-4 1 6 8 9 17 0
-6 1 8 9 17 0
-7 1 6 8 9 17 0
-8 1 6 9 17 0
-9 1 6 8 17 0
-10 1 6 8 9 17 0
-11 1 6 8 9 17 0
-12 1 6 8 9 17 0
-13 1 6 8 9 17 0
-14 1 6 8 9 17 0
-15 1 6 8 9 17 0
-16 1 6 8 9 17 0
-17 1 6 8 9 0
-18 1 6 8 9 17 0
-19 1 6 8 9 17 0
-20 1 6 8 9 17 0
-21 1 6 8 9 17 0
-22 1 6 8 9 17 0
-23 1 6 8 9 17 0
-24 1 6 8 9 17 0
6 0
2 5 10 11 18 0
-1 2 5 10 11 18 0
-2 5 10 11 18 0
-3 2 5 10 11 18 0
-4 2 5 10 11 18 0
-5 2 10 11 18 0
-7 2 5 10 11 18 0
-8 2 5 10 11 18 0
-9 2 5 10 11 18 0
-10 2 5 11 18 0
-11 2 5 10 18 0
-12 2 5 10 11 18 0
-13 2 5 10 11 18 0
-14 2 5 10 11 18 0
-15 2 5 10 11 18 0
-16 2 5 10 11 18 0
-17 2 5 10 11 18 0
-18 2 5 10 11 0
-19 2 5 10 11 18 0
-20 2 5 10 11 18 0
-21 2 5 10 11 18 0
-22 2 5 10 11 18 0
-23 2 5 10 11 18 0
-24 2 5 10 11 18 0
7 0
2 8 10 11 19 0
-1 2 8 10 11 19 0
-2 8 10 11 19 0
-3 2 8 10 11 19 0
-4 2 8 10 11 19 0
-5 2 8 10 11 19 0
-6 2 8 10 11 19 0
-8 2 10 11 19 0
-9 2 8 10 11 19 0
-10 2 8 11 19 0
-11 2 8 10 19 0
-12 2 8 10 11 19 0
-13 2 8 10 11 19 0
-14 2 8 10 11 19 0
-15 2 8 10 11 19 0
-16 2 8 10 11 19 0
-17 2 8 10 11 19 0
-18 2 8 10 11 19 0
-19 2 8 10 11 0
-20 2 8 10 11 19 0
-21 2 8 10 11 19 0
-22 2 8 10 11 19 0
-23 2 8 10 11 19 0
-24 2 8 10 11 19 0
8 0
3 5 7 12 20 0
-1 3 5 7 12 20 0
-2 3 5 7 12 20 0
-3 5 7 12 20 0
-4 3 5 7 12 20 0
-5 3 7 12 20 0
-6 3 5 7 12 20 0
-7 3 5 12 20 0
-9 3 5 7 12 20 0
-10 3 5 7 12 20 0
-11 3 5 7 12 20 0
-12 3 5 7 20 0
-13 3 5 7 12 20 0
-14 3 5 7 12 20 0
-15 3 5 7 12 20 0
-16 3 5 7 12 20 0
-17 3 5 7 12 20 0
-18 3 5 7 12 20 0
-19 3 5 7 12 20 0
-20 3 5 7 12 0
-21 3 5 7 12 20 0
-22 3 5 7 12 20 0
-23 3 5 7 12 20 0
-24 3 5 7 12 20 0
9 0
3 5 10 12 21 0
-1 3 5 10 12 21 0
-2 3 5 10 12 21 0
-3 5 10 12 21 0
-4 3 5 10 12 21 0
-5 3 10 12 21 0
-6 3 5 10 12 21 0
-7 3 5 10 12 21 0
-8 3 5 10 12 21 0
-10 3 5 12 21 0
-11 3 5 10 12 21 0
-12 3 5 10 21 0
-13 3 5 10 12 21 0
-14 3 5 10 12 21 0
-15 3 5 10 12 21 0
-16 3 5 10 12 21 0
-17 3 5 10 12 21 0
-18 3 5 10 12 21 0
-19 3 5 10 12 21 0
-20 3 5 10 12 21 0
-21 3 5 10 12 0
-22 3 5 10 12 21 0
-23 3 5 10 12 21 0
-24 3 5 10 12 21 0
10 0
4 6 7 9 22 0
-1 4 6 7 9 22 0
-2 4 6 7 9 22 0
-3 4 6 7 9 22 0
-4 6 7 9 22 0
-5 4 6 7 9 22 0
-6 4 7 9 22 0
-7 4 6 9 22 0
-8 4 6 7 9 22 0
-9 4 6 7 22 0
-11 4 6 7 9 22 0
-12 4 6 7 9 22 0
-13 4 6 7 9 22 0
-14 4 6 7 9 22 0
-15 4 6 7 9 22 0
-16 4 6 7 9 22 0
-17 4 6 7 9 22 0
-18 4 6 7 9 22 0
-19 4 6 7 9 22 0
-20 4 6 7 9 22 0
-21 4 6 7 9 22 0
-22 4 6 7 9 0
-23 4 6 7 9 22 0
-24 4 6 7 9 22 0
11 0
4 6 7 12 13 23 0
-1 4 6 7 12 13 23 0
-2 4 6 7 12 13 23 0
-3 4 6 7 12 13 23 0
-4 6 7 12 13 23 0
-5 4 6 7 12 13 23 0
-6 4 7 12 13 23 0
-7 4 6 12 13 23 0
-8 4 6 7 12 13 23 0
-9 4 6 7 12 13 23 0
-10 4 6 7 12 13 23 0
-12 4 6 7 13 23 0
-13 4 6 7 12 23 0
-14 4 6 7 12 13 23 0
-15 4 6 7 12 13 23 0
-16 4 6 7 12 13 23 0
-17 4 6 7 12 13 23 0
-18 4 6 7 12 13 23 0
-19 4 6 7 12 13 23 0
-20 4 6 7 12 13 23 0
-21 4 6 7 12 13 23 0
-22 4 6 7 12 13 23 0
-23 4 6 7 12 13 0
-24 4 6 7 12 13 23 0
12 0
1 8 9 11 13 24 0
-1 8 9 11 13 24 0
-2 1 8 9 11 13 24 0
-3 1 8 9 11 13 24 0
-4 1 8 9 11 13 24 0
-5 1 8 9 11 13 24 0
-6 1 8 9 11 13 24 0
-7 1 8 9 11 13 24 0
-8 1 9 11 13 24 0
-9 1 8 11 13 24 0
-10 1 8 9 11 13 24 0
-11 1 8 9 13 24 0
-13 1 8 9 11 24 0
-14 1 8 9 11 13 24 0
-15 1 8 9 11 13 24 0
-16 1 8 9 11 13 24 0
-17 1 8 9 11 13 24 0
-18 1 8 9 11 13 24 0
-19 1 8 9 11 13 24 0
-20 1 8 9 11 13 24 0
-21 1 8 9 11 13 24 0
-22 1 8 9 11 13 24 0
-23 1 8 9 11 13 24 0
-24 1 8 9 11 13 0
13 0
1 2 3 4 5 6 14 0
-1 2 3 4 5 6 14 0
-2 1 3 4 5 6 14 0
-3 1 2 4 5 6 14 0
-4 1 2 3 5 6 14 0
-5 1 2 3 4 6 14 0
-6 1 2 3 4 5 14 0
-7 1 2 3 4 5 6 14 0
-8 1 2 3 4 5 6 14 0
-9 1 2 3 4 5 6 14 0
-10 1 2 3 4 5 6 14 0
-11 1 2 3 4 5 6 14 0
-12 1 2 3 4 5 6 14 0
-14 1 2 3 4 5 6 0
-15 1 2 3 4 5 6 14 0
-16 1 2 3 4 5 6 14 0
-17 1 2 3 4 5 6 14 0
-18 1 2 3 4 5 6 14 0
-19 1 2 3 4 5 6 14 0
-20 1 2 3 4 5 6 14 0
-21 1 2 3 4 5 6 14 0
-22 1 2 3 4 5 6 14 0
-23 1 2 3 4 5 6 14 0
-24 1 2 3 4 5 6 14 0
14 0
2 13 15 0
-1 2 13 15 0
-2 13 15 0
-3 2 13 15 0
-4 2 13 15 0
-5 2 13 15 0
-6 2 13 15 0
-7 2 13 15 0
-8 2 13 15 0
-9 2 13 15 0
-10 2 13 15 0
-11 2 13 15 0
-12 2 13 15 0
-13 2 15 0
-15 2 13 0
-16 2 13 15 0
-17 2 13 15 0
-18 2 13 15 0
-19 2 13 15 0
-20 2 13 15 0
-21 2 13 15 0
-22 2 13 15 0
-23 2 13 15 0
-24 2 13 15 0
15 0
3 14 16 0
-1 3 14 16 0
-2 3 14 16 0
-3 14 16 0
-4 3 14 16 0
-5 3 14 16 0
-6 3 14 16 0
-7 3 14 16 0
-8 3 14 16 0
-9 3 14 16 0
-10 3 14 16 0
-11 3 14 16 0
-12 3 14 16 0
-13 3 14 16 0
-14 3 16 0
-16 3 14 0
-17 3 14 16 0
-18 3 14 16 0
-19 3 14 16 0
-20 3 14 16 0
-21 3 14 16 0
-22 3 14 16 0
-23 3 14 16 0
-24 3 14 16 0
16 0
4 15 17 0
-1 4 15 17 0
-2 4 15 17 0
-3 4 15 17 0
-4 15 17 0
-5 4 15 17 0
-6 4 15 17 0
-7 4 15 17 0
-8 4 15 17 0
-9 4 15 17 0
-10 4 15 17 0
-11 4 15 17 0
-12 4 15 17 0
-13 4 15 17 0
-14 4 15 17 0
-15 4 17 0
-17 4 15 0
-18 4 15 17 0
-19 4 15 17 0
-20 4 15 17 0
-21 4 15 17 0
-22 4 15 17 0
-23 4 15 17 0
-24 4 15 17 0
17 0
5 16 18 0
-1 5 16 18 0
-2 5 16 18 0
-3 5 16 18 0
-4 5 16 18 0
-5 16 18 0
-6 5 16 18 0
-7 5 16 18 0
-8 5 16 18 0
-9 5 16 18 0
-10 5 16 18 0
-11 5 16 18 0
-12 5 16 18 0
-13 5 16 18 0
-14 5 16 18 0
-15 5 16 18 0
-16 5 18 0
-18 5 16 0
-19 5 16 18 0
-20 5 16 18 0
-21 5 16 18 0
-22 5 16 18 0
-23 5 16 18 0
-24 5 16 18 0
18 0
6 17 19 0
-1 6 17 19 0
-2 6 17 19 0
-3 6 17 19 0
-4 6 17 19 0
-5 6 17 19 0
-6 17 19 0
-7 6 17 19 0
-8 6 17 19 0
-9 6 17 19 0
-10 6 17 19 0
-11 6 17 19 0
-12 6 17 19 0
-13 6 17 19 0
-14 6 17 19 0
-15 6 17 19 0
-16 6 17 19 0
-17 6 19 0
-19 6 17 0
-20 6 17 19 0
-21 6 17 19 0
-22 6 17 19 0
-23 6 17 19 0
-24 6 17 19 0
19 0
7 18 20 0
-1 7 18 20 0
-2 7 18 20 0
-3 7 18 20 0
-4 7 18 20 0
-5 7 18 20 0
-6 7 18 20 0
-7 18 20 0
-8 7 18 20 0
-9 7 18 20 0
-10 7 18 20 0
-11 7 18 20 0
-12 7 18 20 0
-13 7 18 20 0
-14 7 18 20 0
-15 7 18 20 0
-16 7 18 20 0
-17 7 18 20 0
-18 7 20 0
-20 7 18 0
-21 7 18 20 0
-22 7 18 20 0
-23 7 18 20 0
-24 7 18 20 0
20 0
8 19 21 0
-1 8 19 21 0
-2 8 19 21 0
-3 8 19 21 0
-4 8 19 21 0
-5 8 19 21 0
-6 8 19 21 0
-7 8 19 21 0
-8 19 21 0
-9 8 19 21 0
-10 8 19 21 0
-11 8 19 21 0
-12 8 19 21 0
-13 8 19 21 0
-14 8 19 21 0
-15 8 19 21 0
-16 8 19 21 0
-17 8 19 21 0
-18 8 19 21 0
-19 8 21 0
-21 8 19 0
-22 8 19 21 0
-23 8 19 21 0
-24 8 19 21 0
21 0
9 20 22 0
-1 9 20 22 0
-2 9 20 22 0
-3 9 20 22 0
-4 9 20 22 0
-5 9 20 22 0
-6 9 20 22 0
-7 9 20 22 0
-8 9 20 22 0
-9 20 22 0
-10 9 20 22 0
-11 9 20 22 0
-12 9 20 22 0
-13 9 20 22 0
-14 9 20 22 0
-15 9 20 22 0
-16 9 20 22 0
-17 9 20 22 0
-18 9 20 22 0
-19 9 20 22 0
-20 9 22 0
-22 9 20 0
-23 9 20 22 0
-24 9 20 22 0
22 0
10 21 23 0
-1 10 21 23 0
-2 10 21 23 0
-3 10 21 23 0
-4 10 21 23 0
-5 10 21 23 0
-6 10 21 23 0
-7 10 21 23 0
-8 10 21 23 0
-9 10 21 23 0
-10 21 23 0
-11 10 21 23 0
-12 10 21 23 0
-13 10 21 23 0
-14 10 21 23 0
-15 10 21 23 0
-16 10 21 23 0
-17 10 21 23 0
-18 10 21 23 0
-19 10 21 23 0
-20 10 21 23 0
-21 10 23 0
-23 10 21 0
-24 10 21 23 0
23 0
11 22 24 0
-1 11 22 24 0
-2 11 22 24 0
-3 11 22 24 0
-4 11 22 24 0
-5 11 22 24 0
-6 11 22 24 0
-7 11 22 24 0
-8 11 22 24 0
-9 11 22 24 0
-10 11 22 24 0
-11 22 24 0
-12 11 22 24 0
-13 11 22 24 0
-14 11 22 24 0
-15 11 22 24 0
-16 11 22 24 0
-17 11 22 24 0
-18 11 22 24 0
-19 11 22 24 0
-20 11 22 24 0
-21 11 22 24 0
-22 11 24 0
-24 11 22 0
24 0
12 23 0
-1 12 23 0
-2 12 23 0
-3 12 23 0
-4 12 23 0
-5 12 23 0
-6 12 23 0
-7 12 23 0
-8 12 23 0
-9 12 23 0
-10 12 23 0
-11 12 23 0
-12 23 0
-13 12 23 0
-14 12 23 0
-15 12 23 0
-16 12 23 0
-17 12 23 0
-18 12 23 0
-19 12 23 0
-20 12 23 0
-21 12 23 0
-22 12 23 0
-23 12 0
12 -1 0
12 -2 0
12 -3 0
12 -4 0
12 -5 0
12 -6 0
12 -7 0
12 -8 0
12 -9 0
12 -10 0
12 -11 0
12 -12 0
12 -13 0
12 -14 0
12 -15 0
12 -16 0
12 -17 0
12 -18 0
12 -19 0
12 -20 0
12 -21 0
12 -22 0
12 -23 0
12 -24 0
14 -1 0
14 -2 0
14 -3 0
14 -4 0
14 -5 0
14 -6 0
14 -7 0
14 -8 0
14 -9 0
14 -10 0
14 -11 0
14 -12 0
1 4 13 0
14 -14 0
14 -15 0
14 -16 0
14 -17 0
14 -18 0
14 -19 0
14 -20 0
14 -21 0
14 -22 0
14 -23 0
14 -24 0
15 -1 0
15 -2 0
15 -3 0
15 -4 0
15 -5 0
15 -6 0
15 -7 0
15 -8 0
15 -9 0
15 -10 0
15 -11 0
15 -12 0
15 -13 0
15 -14 0
15 -15 0
15 -16 0
15 -17 0
15 -18 0
15 -19 0
15 -20 0
15 -21 0
15 -22 0
15 -23 0
15 -24 0
112 -1 0
112 -2 0
112 -3 0
112 -4 0
112 -5 0
112 -6 0
112 -7 0
112 -8 0
112 -9 0
112 -10 0
112 -11 0
112 -12 0
1 12 13 0
112 -14 0
112 -15 0
112 -16 0
112 -17 0
112 -18 0
112 -19 0
112 -20 0
112 -21 0
112 -22 0
112 -23 0
112 -24 0
113 -1 0
1 13 2 0
113 -3 0
1 13 4 0
1 13 5 0
113 -6 0
113 -7 0
113 -8 0
113 -9 0
113 -10 0
113 -11 0
113 -12 0
113 -13 0
113 -14 0
113 -15 0
113 -16 0
113 -17 0
113 -18 0
113 -19 0
113 -20 0
113 -21 0
113 -22 0
113 -23 0
113 -24 0
21 -1 0
21 -2 0
21 -3 0
21 -4 0
21 -5 0
21 -6 0
21 -7 0
21 -8 0
21 -9 0
21 -10 0
21 -11 0
21 -12 0
21 -13 0
21 -14 0
21 -15 0
21 -16 0
21 -17 0
21 -18 0
21 -19 0
21 -20 0
21 -21 0
21 -22 0
21 -23 0
21 -24 0
23 -1 0
23 -2 0
23 -3 0
23 -4 0
23 -5 0
23 -6 0
23 -7 0
23 -8 0
23 -9 0
23 -10 0
23 -11 0
23 -12 0
23 -13 0
23 -14 0
23 -15 0
23 -16 0
23 -17 0
23 -18 0
23 -19 0
23 -20 0
23 -21 0
23 -22 0
23 -23 0
23 -24 0
26 -1 0
26 -2 0
26 -3 0
26 -4 0
26 -5 0
26 -6 0
26 -7 0
26 -8 0
26 -9 0
26 -10 0
26 -11 0
26 -12 0
26 -13 0
26 -14 0
26 -15 0
26 -16 0
26 -17 0
26 -18 0
26 -19 0
26 -20 0
26 -21 0
26 -22 0
26 -23 0
26 -24 0
27 -1 0
27 -2 0
27 -3 0
27 -4 0
27 -5 0
27 -6 0
27 -7 0
27 -8 0
27 -9 0
27 -10 0
27 -11 0
27 -12 0
27 -13 0
27 -14 0
27 -15 0
27 -16 0
27 -17 0
27 -18 0
27 -19 0
27 -20 0
27 -21 0
27 -22 0
27 -23 0
27 -24 0
214 -1 0
214 -2 0
214 -3 0
214 -4 0
214 -5 0
214 -6 0
214 -7 0
214 -8 0
214 -9 0
214 -10 0
214 -11 0
214 -12 0
214 -13 0
214 -14 0
214 -15 0
214 -16 0
214 -17 0
214 -18 0
214 -19 0
214 -20 0
214 -21 0
214 -22 0
214 -23 0
214 -24 0
32 -1 0
32 -2 0
32 -3 0
32 -4 0
32 -5 0
32 -6 0
32 -7 0
32 -8 0
32 -9 0
32 -10 0
32 -11 0
32 -12 0
32 -13 0
32 -14 0
32 -15 0
32 -16 0
32 -17 0
32 -18 0
32 -19 0
32 -20 0
32 -21 0
32 -22 0
32 -23 0
32 -24 0
34 -1 0
34 -2 0
34 -3 0
34 -4 0
34 -5 0
34 -6 0
34 -7 0
34 -8 0
34 -9 0
34 -10 0
34 -11 0
34 -12 0
3 4 13 0
34 -14 0
34 -15 0
34 -16 0
34 -17 0
34 -18 0
34 -19 0
34 -20 0
34 -21 0
34 -22 0
34 -23 0
34 -24 0
38 -1 0
38 -2 0
38 -3 0
38 -4 0
38 -5 0
38 -6 0
38 -7 0
38 -8 0
38 -9 0
38 -10 0
38 -11 0
38 -12 0
38 -13 0
38 -14 0
38 -15 0
38 -16 0
38 -17 0
38 -18 0
38 -19 0
38 -20 0
38 -21 0
38 -22 0
38 -23 0
38 -24 0
39 -1 0
39 -2 0
39 -3 0
39 -4 0
39 -5 0
39 -6 0
39 -7 0
39 -8 0
39 -9 0
39 -10 0
39 -11 0
39 -12 0
39 -13 0
39 -14 0
39 -15 0
39 -16 0
39 -17 0
39 -18 0
39 -19 0
39 -20 0
39 -21 0
39 -22 0
39 -23 0
39 -24 0
313 -1 0
3 13 2 0
313 -3 0
3 13 4 0
313 -5 0
313 -6 0
313 -7 0
313 -8 0
313 -9 0
313 -10 0
313 -11 0
313 -12 0
313 -13 0
313 -14 0
313 -15 0
313 -16 0
313 -17 0
313 -18 0
313 -19 0
313 -20 0
313 -21 0
313 -22 0
313 -23 0
313 -24 0
315 -1 0
315 -2 0
315 -3 0
315 -4 0
315 -5 0
315 -6 0
315 -7 0
315 -8 0
315 -9 0
315 -10 0
315 -11 0
315 -12 0
315 -13 0
315 -14 0
315 -15 0
315 -16 0
315 -17 0
315 -18 0
315 -19 0
315 -20 0
315 -21 0
315 -22 0
315 -23 0
315 -24 0
41 -1 0
41 -2 0
41 -3 0
41 -4 0
41 -5 0
41 -6 0
41 -7 0
41 -8 0
41 -9 0
41 -10 0
41 -11 0
41 -12 0
4 1 13 0
41 -14 0
41 -15 0
41 -16 0
41 -17 0
41 -18 0
41 -19 0
41 -20 0
41 -21 0
41 -22 0
41 -23 0
41 -24 0
43 -1 0
43 -2 0
43 -3 0
43 -4 0
43 -5 0
43 -6 0
43 -7 0
43 -8 0
43 -9 0
43 -10 0
43 -11 0
43 -12 0
4 3 13 0
43 -14 0
43 -15 0
43 -16 0
43 -17 0
43 -18 0
43 -19 0
43 -20 0
43 -21 0
43 -22 0
43 -23 0
43 -24 0
410 -1 0
410 -2 0
410 -3 0
410 -4 0
410 -5 0
410 -6 0
410 -7 0
410 -8 0
410 -9 0
410 -10 0
410 -11 0
410 -12 0
410 -13 0
410 -14 0
410 -15 0
410 -16 0
410 -17 0
410 -18 0
410 -19 0
410 -20 0
410 -21 0
410 -22 0
410 -23 0
410 -24 0
411 -1 0
411 -2 0
411 -3 0
411 -4 0
411 -5 0
411 -6 0
411 -7 0
411 -8 0
411 -9 0
411 -10 0
411 -11 0
411 -12 0
4 11 13 0
411 -14 0
411 -15 0
411 -16 0
411 -17 0
411 -18 0
411 -19 0
411 -20 0
411 -21 0
411 -22 0
411 -23 0
411 -24 0
4 13 1 0
413 -2 0
4 13 3 0
413 -4 0
413 -5 0
413 -6 0
413 -7 0
413 -8 0
413 -9 0
413 -10 0
413 -11 0
413 -12 0
413 -13 0
413 -14 0
413 -15 0
413 -16 0
413 -17 0
413 -18 0
413 -19 0
413 -20 0
413 -21 0
413 -22 0
413 -23 0
413 -24 0
416 -1 0
416 -2 0
416 -3 0
416 -4 0
416 -5 0
416 -6 0
416 -7 0
416 -8 0
416 -9 0
416 -10 0
416 -11 0
416 -12 0
416 -13 0
416 -14 0
416 -15 0
416 -16 0
416 -17 0
416 -18 0
416 -19 0
416 -20 0
416 -21 0
416 -22 0
416 -23 0
416 -24 0
51 -1 0
51 -2 0
51 -3 0
51 -4 0
51 -5 0
51 -6 0
51 -7 0
51 -8 0
51 -9 0
51 -10 0
51 -11 0
51 -12 0
51 -13 0
51 -14 0
51 -15 0
51 -16 0
51 -17 0
51 -18 0
51 -19 0
51 -20 0
51 -21 0
51 -22 0
51 -23 0
51 -24 0
56 -1 0
56 -2 0
56 -3 0
56 -4 0
56 -5 0
56 -6 0
56 -7 0
56 -8 0
56 -9 0
56 -10 0
56 -11 0
56 -12 0
56 -13 0
56 -14 0
56 -15 0
56 -16 0
56 -17 0
56 -18 0
56 -19 0
56 -20 0
56 -21 0
56 -22 0
56 -23 0
56 -24 0
58 -1 0
58 -2 0
58 -3 0
58 -4 0
58 -5 0
58 -6 0
58 -7 0
58 -8 0
58 -9 0
58 -10 0
58 -11 0
58 -12 0
58 -13 0
58 -14 0
58 -15 0
58 -16 0
58 -17 0
58 -18 0
58 -19 0
58 -20 0
58 -21 0
58 -22 0
58 -23 0
58 -24 0
59 -1 0
59 -2 0
59 -3 0
59 -4 0
59 -5 0
59 -6 0
59 -7 0
59 -8 0
59 -9 0
59 -10 0
59 -11 0
59 -12 0
59 -13 0
59 -14 0
59 -15 0
59 -16 0
59 -17 0
59 -18 0
59 -19 0
59 -20 0
59 -21 0
59 -22 0
59 -23 0
59 -24 0
517 -1 0
517 -2 0
517 -3 0
517 -4 0
517 -5 0
517 -6 0
517 -7 0
517 -8 0
517 -9 0
517 -10 0
517 -11 0
517 -12 0
517 -13 0
517 -14 0
517 -15 0
517 -16 0
517 -17 0
517 -18 0
517 -19 0
517 -20 0
517 -21 0
517 -22 0
517 -23 0
517 -24 0
62 -1 0
62 -2 0
62 -3 0
62 -4 0
62 -5 0
62 -6 0
62 -7 0
62 -8 0
62 -9 0
62 -10 0
62 -11 0
62 -12 0
62 -13 0
62 -14 0
62 -15 0
62 -16 0
62 -17 0
62 -18 0
62 -19 0
62 -20 0
62 -21 0
62 -22 0
62 -23 0
62 -24 0
65 -1 0
65 -2 0
65 -3 0
65 -4 0
65 -5 0
65 -6 0
65 -7 0
65 -8 0
65 -9 0
65 -10 0
65 -11 0
65 -12 0
65 -13 0
65 -14 0
65 -15 0
65 -16 0
65 -17 0
65 -18 0
65 -19 0
65 -20 0
65 -21 0
65 -22 0
65 -23 0
65 -24 0
610 -1 0
610 -2 0
610 -3 0
610 -4 0
610 -5 0
610 -6 0
610 -7 0
610 -8 0
610 -9 0
610 -10 0
610 -11 0
610 -12 0
610 -13 0
610 -14 0
610 -15 0
610 -16 0
610 -17 0
610 -18 0
610 -19 0
610 -20 0
610 -21 0
610 -22 0
610 -23 0
610 -24 0
611 -1 0
611 -2 0
611 -3 0
611 -4 0
611 -5 0
611 -6 0
611 -7 0
611 -8 0
611 -9 0
611 -10 0
611 -11 0
611 -12 0
611 -13 0
611 -14 0
611 -15 0
611 -16 0
611 -17 0
611 -18 0
611 -19 0
611 -20 0
611 -21 0
611 -22 0
611 -23 0
611 -24 0
618 -1 0
618 -2 0
618 -3 0
618 -4 0
618 -5 0
618 -6 0
618 -7 0
618 -8 0
618 -9 0
618 -10 0
618 -11 0
618 -12 0
618 -13 0
618 -14 0
618 -15 0
618 -16 0
618 -17 0
618 -18 0
618 -19 0
618 -20 0
618 -21 0
618 -22 0
618 -23 0
618 -24 0
72 -1 0
72 -2 0
72 -3 0
72 -4 0
72 -5 0
72 -6 0
72 -7 0
72 -8 0
72 -9 0
72 -10 0
72 -11 0
72 -12 0
72 -13 0
72 -14 0
72 -15 0
72 -16 0
72 -17 0
72 -18 0
72 -19 0
72 -20 0
72 -21 0
72 -22 0
72 -23 0
72 -24 0
78 -1 0
78 -2 0
78 -3 0
78 -4 0
78 -5 0
78 -6 0
78 -7 0
78 -8 0
78 -9 0
78 -10 0
78 -11 0
78 -12 0
78 -13 0
78 -14 0
78 -15 0
78 -16 0
78 -17 0
78 -18 0
78 -19 0
78 -20 0
78 -21 0
78 -22 0
78 -23 0
78 -24 0
710 -1 0
710 -2 0
710 -3 0
710 -4 0
710 -5 0
710 -6 0
710 -7 0
710 -8 0
710 -9 0
710 -10 0
710 -11 0
710 -12 0
710 -13 0
710 -14 0
710 -15 0
710 -16 0
710 -17 0
710 -18 0
710 -19 0
710 -20 0
710 -21 0
710 -22 0
710 -23 0
710 -24 0
711 -1 0
711 -2 0
711 -3 0
711 -4 0
711 -5 0
711 -6 0
711 -7 0
711 -8 0
711 -9 0
711 -10 0
711 -11 0
711 -12 0
711 -13 0
711 -14 0
711 -15 0
711 -16 0
711 -17 0
711 -18 0
711 -19 0
711 -20 0
711 -21 0
711 -22 0
711 -23 0
711 -24 0
719 -1 0
719 -2 0
719 -3 0
719 -4 0
719 -5 0
719 -6 0
719 -7 0
719 -8 0
719 -9 0
719 -10 0
719 -11 0
719 -12 0
719 -13 0
719 -14 0
719 -15 0
719 -16 0
719 -17 0
719 -18 0
719 -19 0
719 -20 0
719 -21 0
719 -22 0
719 -23 0
719 -24 0
83 -1 0
83 -2 0
83 -3 0
83 -4 0
83 -5 0
83 -6 0
83 -7 0
83 -8 0
83 -9 0
83 -10 0
83 -11 0
83 -12 0
83 -13 0
83 -14 0
83 -15 0
83 -16 0
83 -17 0
83 -18 0
83 -19 0
83 -20 0
83 -21 0
83 -22 0
83 -23 0
83 -24 0
85 -1 0
85 -2 0
85 -3 0
85 -4 0
85 -5 0
85 -6 0
85 -7 0
85 -8 0
85 -9 0
85 -10 0
85 -11 0
85 -12 0
85 -13 0
85 -14 0
85 -15 0
85 -16 0
85 -17 0
85 -18 0
85 -19 0
85 -20 0
85 -21 0
85 -22 0
85 -23 0
85 -24 0
87 -1 0
87 -2 0
87 -3 0
87 -4 0
87 -5 0
87 -6 0
87 -7 0
87 -8 0
87 -9 0
87 -10 0
87 -11 0
87 -12 0
87 -13 0
87 -14 0
87 -15 0
87 -16 0
87 -17 0
87 -18 0
87 -19 0
87 -20 0
87 -21 0
87 -22 0
87 -23 0
87 -24 0
812 -1 0
812 -2 0
812 -3 0
812 -4 0
812 -5 0
812 -6 0
812 -7 0
812 -8 0
812 -9 0
812 -10 0
812 -11 0
812 -12 0
812 -13 0
812 -14 0
812 -15 0
812 -16 0
812 -17 0
812 -18 0
812 -19 0
812 -20 0
812 -21 0
812 -22 0
812 -23 0
812 -24 0
820 -1 0
820 -2 0
820 -3 0
820 -4 0
820 -5 0
820 -6 0
820 -7 0
820 -8 0
820 -9 0
820 -10 0
820 -11 0
820 -12 0
820 -13 0
820 -14 0
820 -15 0
820 -16 0
820 -17 0
820 -18 0
820 -19 0
820 -20 0
820 -21 0
820 -22 0
820 -23 0
820 -24 0
93 -1 0
93 -2 0
93 -3 0
93 -4 0
93 -5 0
93 -6 0
93 -7 0
93 -8 0
93 -9 0
93 -10 0
93 -11 0
93 -12 0
93 -13 0
93 -14 0
93 -15 0
93 -16 0
93 -17 0
93 -18 0
93 -19 0
93 -20 0
93 -21 0
93 -22 0
93 -23 0
93 -24 0
95 -1 0
95 -2 0
95 -3 0
95 -4 0
95 -5 0
95 -6 0
95 -7 0
95 -8 0
95 -9 0
95 -10 0
95 -11 0
95 -12 0
95 -13 0
95 -14 0
95 -15 0
95 -16 0
95 -17 0
95 -18 0
95 -19 0
95 -20 0
95 -21 0
95 -22 0
95 -23 0
95 -24 0
910 -1 0
910 -2 0
910 -3 0
910 -4 0
910 -5 0
910 -6 0
910 -7 0
910 -8 0
910 -9 0
910 -10 0
910 -11 0
910 -12 0
910 -13 0
910 -14 0
910 -15 0
910 -16 0
910 -17 0
910 -18 0
910 -19 0
910 -20 0
910 -21 0
910 -22 0
910 -23 0
910 -24 0
912 -1 0
912 -2 0
912 -3 0
912 -4 0
912 -5 0
912 -6 0
912 -7 0
912 -8 0
912 -9 0
912 -10 0
912 -11 0
912 -12 0
912 -13 0
912 -14 0
912 -15 0
912 -16 0
912 -17 0
912 -18 0
912 -19 0
912 -20 0
912 -21 0
912 -22 0
912 -23 0
912 -24 0
921 -1 0
921 -2 0
921 -3 0
921 -4 0
921 -5 0
921 -6 0
921 -7 0
921 -8 0
921 -9 0
921 -10 0
921 -11 0
921 -12 0
921 -13 0
921 -14 0
921 -15 0
921 -16 0
921 -17 0
921 -18 0
921 -19 0
921 -20 0
921 -21 0
921 -22 0
921 -23 0
921 -24 0
104 -1 0
104 -2 0
104 -3 0
104 -4 0
104 -5 0
104 -6 0
104 -7 0
104 -8 0
104 -9 0
104 -10 0
104 -11 0
104 -12 0
104 -13 0
104 -14 0
104 -15 0
104 -16 0
104 -17 0
104 -18 0
104 -19 0
104 -20 0
104 -21 0
104 -22 0
104 -23 0
104 -24 0
106 -1 0
106 -2 0
106 -3 0
106 -4 0
106 -5 0
106 -6 0
106 -7 0
106 -8 0
106 -9 0
106 -10 0
106 -11 0
106 -12 0
106 -13 0
106 -14 0
106 -15 0
106 -16 0
106 -17 0
106 -18 0
106 -19 0
106 -20 0
106 -21 0
106 -22 0
106 -23 0
106 -24 0
107 -1 0
107 -2 0
107 -3 0
107 -4 0
107 -5 0
107 -6 0
107 -7 0
107 -8 0
107 -9 0
107 -10 0
107 -11 0
107 -12 0
107 -13 0
107 -14 0
107 -15 0
107 -16 0
107 -17 0
107 -18 0
107 -19 0
107 -20 0
107 -21 0
107 -22 0
107 -23 0
107 -24 0
109 -1 0
109 -2 0
109 -3 0
109 -4 0
109 -5 0
109 -6 0
109 -7 0
109 -8 0
109 -9 0
109 -10 0
109 -11 0
109 -12 0
109 -13 0
109 -14 0
109 -15 0
109 -16 0
109 -17 0
109 -18 0
109 -19 0
109 -20 0
109 -21 0
109 -22 0
109 -23 0
109 -24 0
1022 -1 0
1022 -2 0
1022 -3 0
1022 -4 0
1022 -5 0
1022 -6 0
1022 -7 0
1022 -8 0
1022 -9 0
1022 -10 0
1022 -11 0
1022 -12 0
1022 -13 0
1022 -14 0
1022 -15 0
1022 -16 0
1022 -17 0
1022 -18 0
1022 -19 0
1022 -20 0
1022 -21 0
1022 -22 0
1022 -23 0
1022 -24 0
114 -1 0
114 -2 0
114 -3 0
114 -4 0
114 -5 0
114 -6 0
114 -7 0
114 -8 0
114 -9 0
114 -10 0
114 -11 0
114 -12 0
11 4 13 0
114 -14 0
114 -15 0
114 -16 0
114 -17 0
114 -18 0
114 -19 0
114 -20 0
114 -21 0
114 -22 0
114 -23 0
114 -24 0
116 -1 0
116 -2 0
116 -3 0
116 -4 0
116 -5 0
116 -6 0
116 -7 0
116 -8 0
116 -9 0
116 -10 0
116 -11 0
116 -12 0
116 -13 0
116 -14 0
116 -15 0
116 -16 0
116 -17 0
116 -18 0
116 -19 0
116 -20 0
116 -21 0
116 -22 0
116 -23 0
116 -24 0
117 -1 0
117 -2 0
117 -3 0
117 -4 0
117 -5 0
117 -6 0
117 -7 0
117 -8 0
117 -9 0
117 -10 0
117 -11 0
117 -12 0
117 -13 0
117 -14 0
117 -15 0
117 -16 0
117 -17 0
117 -18 0
117 -19 0
117 -20 0
117 -21 0
117 -22 0
117 -23 0
117 -24 0
1112 -1 0
1112 -2 0
1112 -3 0
1112 -4 0
1112 -5 0
1112 -6 0
1112 -7 0
1112 -8 0
1112 -9 0
1112 -10 0
1112 -11 0
1112 -12 0
11 12 13 0
1112 -14 0
1112 -15 0
1112 -16 0
1112 -17 0
1112 -18 0
1112 -19 0
1112 -20 0
1112 -21 0
1112 -22 0
1112 -23 0
1112 -24 0
1113 -1 0
1113 -2 0
1113 -3 0
11 13 4 0
1113 -5 0
11 13 6 0
1113 -7 0
1113 -8 0
1113 -9 0
1113 -10 0
1113 -11 0
1113 -12 0
1113 -13 0
1113 -14 0
1113 -15 0
1113 -16 0
1113 -17 0
1113 -18 0
1113 -19 0
1113 -20 0
1113 -21 0
1113 -22 0
1113 -23 0
1113 -24 0
1123 -1 0
1123 -2 0
1123 -3 0
1123 -4 0
1123 -5 0
1123 -6 0
1123 -7 0
1123 -8 0
1123 -9 0
1123 -10 0
1123 -11 0
1123 -12 0
1123 -13 0
1123 -14 0
1123 -15 0
1123 -16 0
1123 -17 0
1123 -18 0
1123 -19 0
1123 -20 0
1123 -21 0
1123 -22 0
1123 -23 0
1123 -24 0
121 -1 0
121 -2 0
121 -3 0
121 -4 0
121 -5 0
121 -6 0
121 -7 0
121 -8 0
121 -9 0
121 -10 0
121 -11 0
121 -12 0
12 1 13 0
121 -14 0
121 -15 0
121 -16 0
121 -17 0
121 -18 0
121 -19 0
121 -20 0
121 -21 0
121 -22 0
121 -23 0
121 -24 0
128 -1 0
128 -2 0
128 -3 0
128 -4 0
128 -5 0
128 -6 0
128 -7 0
128 -8 0
128 -9 0
128 -10 0
128 -11 0
128 -12 0
128 -13 0
128 -14 0
128 -15 0
128 -16 0
128 -17 0
128 -18 0
128 -19 0
128 -20 0
128 -21 0
128 -22 0
128 -23 0
128 -24 0
129 -1 0
129 -2 0
129 -3 0
129 -4 0
129 -5 0
129 -6 0
129 -7 0
129 -8 0
129 -9 0
129 -10 0
129 -11 0
129 -12 0
129 -13 0
129 -14 0
129 -15 0
129 -16 0
129 -17 0
129 -18 0
129 -19 0
129 -20 0
129 -21 0
129 -22 0
129 -23 0
129 -24 0
1211 -1 0
1211 -2 0
1211 -3 0
1211 -4 0
1211 -5 0
1211 -6 0
1211 -7 0
1211 -8 0
1211 -9 0
1211 -10 0
1211 -11 0
1211 -12 0
12 11 13 0
1211 -14 0
1211 -15 0
1211 -16 0
1211 -17 0
1211 -18 0
1211 -19 0
1211 -20 0
1211 -21 0
1211 -22 0
1211 -23 0
1211 -24 0
12 13 1 0
1213 -2 0
1213 -3 0
1213 -4 0
1213 -5 0
1213 -6 0
1213 -7 0
1213 -8 0
1213 -9 0
1213 -10 0
1213 -11 0
1213 -12 0
1213 -13 0
1213 -14 0
1213 -15 0
1213 -16 0
1213 -17 0
1213 -18 0
1213 -19 0
1213 -20 0
1213 -21 0
1213 -22 0
1213 -23 0
1213 -24 0
1224 -1 0
1224 -2 0
1224 -3 0
1224 -4 0
1224 -5 0
1224 -6 0
1224 -7 0
1224 -8 0
1224 -9 0
1224 -10 0
1224 -11 0
1224 -12 0
1224 -13 0
1224 -14 0
1224 -15 0
1224 -16 0
1224 -17 0
1224 -18 0
1224 -19 0
1224 -20 0
1224 -21 0
1224 -22 0
1224 -23 0
1224 -24 0
131 -1 0
13 1 2 0
131 -3 0
13 1 4 0
13 1 5 0
131 -6 0
131 -7 0
131 -8 0
131 -9 0
131 -10 0
131 -11 0
131 -12 0
131 -13 0
131 -14 0
131 -15 0
131 -16 0
131 -17 0
131 -18 0
131 -19 0
131 -20 0
131 -21 0
131 -22 0
131 -23 0
131 -24 0
13 2 1 0
132 -2 0
13 2 3 0
132 -4 0
132 -5 0
13 2 6 0
132 -7 0
132 -8 0
132 -9 0
132 -10 0
132 -11 0
132 -12 0
132 -13 0
13 2 14 0
132 -15 0
132 -16 0
132 -17 0
132 -18 0
132 -19 0
132 -20 0
132 -21 0
132 -22 0
132 -23 0
132 -24 0
133 -1 0
13 3 2 0
133 -3 0
13 3 4 0
133 -5 0
133 -6 0
133 -7 0
133 -8 0
133 -9 0
133 -10 0
133 -11 0
133 -12 0
133 -13 0
133 -14 0
133 -15 0
133 -16 0
133 -17 0
133 -18 0
133 -19 0
133 -20 0
133 -21 0
133 -22 0
133 -23 0
133 -24 0
13 4 1 0
134 -2 0
13 4 3 0
134 -4 0
134 -5 0
134 -6 0
134 -7 0
134 -8 0
134 -9 0
134 -10 0
134 -11 0
134 -12 0
134 -13 0
134 -14 0
134 -15 0
134 -16 0
134 -17 0
134 -18 0
134 -19 0
134 -20 0
134 -21 0
134 -22 0
134 -23 0
134 -24 0
13 5 1 0
135 -2 0
135 -3 0
135 -4 0
135 -5 0
13 5 6 0
135 -7 0
135 -8 0
135 -9 0
135 -10 0
135 -11 0
135 -12 0
135 -13 0
135 -14 0
135 -15 0
135 -16 0
135 -17 0
135 -18 0
135 -19 0
135 -20 0
135 -21 0
135 -22 0
135 -23 0
135 -24 0
136 -1 0
13 6 2 0
136 -3 0
136 -4 0
13 6 5 0
136 -6 0
136 -7 0
136 -8 0
136 -9 0
136 -10 0
136 -11 0
136 -12 0
136 -13 0
136 -14 0
136 -15 0
136 -16 0
136 -17 0
136 -18 0
136 -19 0
136 -20 0
136 -21 0
136 -22 0
136 -23 0
136 -24 0
1314 -1 0
13 14 2 0
1314 -3 0
1314 -4 0
1314 -5 0
1314 -6 0
1314 -7 0
1314 -8 0
1314 -9 0
1314 -10 0
1314 -11 0
1314 -12 0
1314 -13 0
1314 -14 0
1314 -15 0
1314 -16 0
1314 -17 0
1314 -18 0
1314 -19 0
1314 -20 0
1314 -21 0
1314 -22 0
1314 -23 0
1314 -24 0
142 -1 0
142 -2 0
142 -3 0
142 -4 0
142 -5 0
142 -6 0
142 -7 0
142 -8 0
142 -9 0
142 -10 0
142 -11 0
142 -12 0
142 -13 0
142 -14 0
142 -15 0
142 -16 0
142 -17 0
142 -18 0
142 -19 0
142 -20 0
142 -21 0
142 -22 0
142 -23 0
142 -24 0
1413 -1 0
14 13 2 0
1413 -3 0
1413 -4 0
1413 -5 0
1413 -6 0
1413 -7 0
1413 -8 0
1413 -9 0
1413 -10 0
1413 -11 0
1413 -12 0
1413 -13 0
1413 -14 0
1413 -15 0
1413 -16 0
1413 -17 0
1413 -18 0
1413 -19 0
1413 -20 0
1413 -21 0
1413 -22 0
1413 -23 0
1413 -24 0
1415 -1 0
1415 -2 0
1415 -3 0
1415 -4 0
1415 -5 0
1415 -6 0
1415 -7 0
1415 -8 0
1415 -9 0
1415 -10 0
1415 -11 0
1415 -12 0
1415 -13 0
1415 -14 0
1415 -15 0
1415 -16 0
1415 -17 0
1415 -18 0
1415 -19 0
1415 -20 0
1415 -21 0
1415 -22 0
1415 -23 0
1415 -24 0
153 -1 0
153 -2 0
153 -3 0
153 -4 0
153 -5 0
153 -6 0
153 -7 0
153 -8 0
153 -9 0
153 -10 0
153 -11 0
153 -12 0
153 -13 0
153 -14 0
153 -15 0
153 -16 0
153 -17 0
153 -18 0
153 -19 0
153 -20 0
153 -21 0
153 -22 0
153 -23 0
153 -24 0
1514 -1 0
1514 -2 0
1514 -3 0
1514 -4 0
1514 -5 0
1514 -6 0
1514 -7 0
1514 -8 0
1514 -9 0
1514 -10 0
1514 -11 0
1514 -12 0
1514 -13 0
1514 -14 0
1514 -15 0
1514 -16 0
1514 -17 0
1514 -18 0
1514 -19 0
1514 -20 0
1514 -21 0
1514 -22 0
1514 -23 0
1514 -24 0
1516 -1 0
1516 -2 0
1516 -3 0
1516 -4 0
1516 -5 0
1516 -6 0
1516 -7 0
1516 -8 0
1516 -9 0
1516 -10 0
1516 -11 0
1516 -12 0
1516 -13 0
1516 -14 0
1516 -15 0
1516 -16 0
1516 -17 0
1516 -18 0
1516 -19 0
1516 -20 0
1516 -21 0
1516 -22 0
1516 -23 0
1516 -24 0
164 -1 0
164 -2 0
164 -3 0
164 -4 0
164 -5 0
164 -6 0
164 -7 0
164 -8 0
164 -9 0
164 -10 0
164 -11 0
164 -12 0
164 -13 0
164 -14 0
164 -15 0
164 -16 0
164 -17 0
164 -18 0
164 -19 0
164 -20 0
164 -21 0
164 -22 0
164 -23 0
164 -24 0
1615 -1 0
1615 -2 0
1615 -3 0
1615 -4 0
1615 -5 0
1615 -6 0
1615 -7 0
1615 -8 0
1615 -9 0
1615 -10 0
1615 -11 0
1615 -12 0
1615 -13 0
1615 -14 0
1615 -15 0
1615 -16 0
1615 -17 0
1615 -18 0
1615 -19 0
1615 -20 0
1615 -21 0
1615 -22 0
1615 -23 0
1615 -24 0
1617 -1 0
1617 -2 0
1617 -3 0
1617 -4 0
1617 -5 0
1617 -6 0
1617 -7 0
1617 -8 0
1617 -9 0
1617 -10 0
1617 -11 0
1617 -12 0
1617 -13 0
1617 -14 0
1617 -15 0
1617 -16 0
1617 -17 0
1617 -18 0
1617 -19 0
1617 -20 0
1617 -21 0
1617 -22 0
1617 -23 0
1617 -24 0
175 -1 0
175 -2 0
175 -3 0
175 -4 0
175 -5 0
175 -6 0
175 -7 0
175 -8 0
175 -9 0
175 -10 0
175 -11 0
175 -12 0
175 -13 0
175 -14 0
175 -15 0
175 -16 0
175 -17 0
175 -18 0
175 -19 0
175 -20 0
175 -21 0
175 -22 0
175 -23 0
175 -24 0
1716 -1 0
1716 -2 0
1716 -3 0
1716 -4 0
1716 -5 0
1716 -6 0
1716 -7 0
1716 -8 0
1716 -9 0
1716 -10 0
1716 -11 0
1716 -12 0
1716 -13 0
1716 -14 0
1716 -15 0
1716 -16 0
1716 -17 0
1716 -18 0
1716 -19 0
1716 -20 0
1716 -21 0
1716 -22 0
1716 -23 0
1716 -24 0
1718 -1 0
1718 -2 0
1718 -3 0
1718 -4 0
1718 -5 0
1718 -6 0
1718 -7 0
1718 -8 0
1718 -9 0
1718 -10 0
1718 -11 0
1718 -12 0
1718 -13 0
1718 -14 0
1718 -15 0
1718 -16 0
1718 -17 0
1718 -18 0
1718 -19 0
1718 -20 0
1718 -21 0
1718 -22 0
1718 -23 0
1718 -24 0
186 -1 0
186 -2 0
186 -3 0
186 -4 0
186 -5 0
186 -6 0
186 -7 0
186 -8 0
186 -9 0
186 -10 0
186 -11 0
186 -12 0
186 -13 0
186 -14 0
186 -15 0
186 -16 0
186 -17 0
186 -18 0
186 -19 0
186 -20 0
186 -21 0
186 -22 0
186 -23 0
186 -24 0
1817 -1 0
1817 -2 0
1817 -3 0
1817 -4 0
1817 -5 0
1817 -6 0
1817 -7 0
1817 -8 0
1817 -9 0
1817 -10 0
1817 -11 0
1817 -12 0
1817 -13 0
1817 -14 0
1817 -15 0
1817 -16 0
1817 -17 0
1817 -18 0
1817 -19 0
1817 -20 0
1817 -21 0
1817 -22 0
1817 -23 0
1817 -24 0
1819 -1 0
1819 -2 0
1819 -3 0
1819 -4 0
1819 -5 0
1819 -6 0
1819 -7 0
1819 -8 0
1819 -9 0
1819 -10 0
1819 -11 0
1819 -12 0
1819 -13 0
1819 -14 0
1819 -15 0
1819 -16 0
1819 -17 0
1819 -18 0
1819 -19 0
1819 -20 0
1819 -21 0
1819 -22 0
1819 -23 0
1819 -24 0
197 -1 0
197 -2 0
197 -3 0
197 -4 0
197 -5 0
197 -6 0
197 -7 0
197 -8 0
197 -9 0
197 -10 0
197 -11 0
197 -12 0
197 -13 0
197 -14 0
197 -15 0
197 -16 0
197 -17 0
197 -18 0
197 -19 0
197 -20 0
197 -21 0
197 -22 0
197 -23 0
197 -24 0
1918 -1 0
1918 -2 0
1918 -3 0
1918 -4 0
1918 -5 0
1918 -6 0
1918 -7 0
1918 -8 0
1918 -9 0
1918 -10 0
1918 -11 0
1918 -12 0
1918 -13 0
1918 -14 0
1918 -15 0
1918 -16 0
1918 -17 0
1918 -18 0
1918 -19 0
1918 -20 0
1918 -21 0
1918 -22 0
1918 -23 0
1918 -24 0
1920 -1 0
1920 -2 0
1920 -3 0
1920 -4 0
1920 -5 0
1920 -6 0
1920 -7 0
1920 -8 0
1920 -9 0
1920 -10 0
1920 -11 0
1920 -12 0
1920 -13 0
1920 -14 0
1920 -15 0
1920 -16 0
1920 -17 0
1920 -18 0
1920 -19 0
1920 -20 0
1920 -21 0
1920 -22 0
1920 -23 0
1920 -24 0
208 -1 0
208 -2 0
208 -3 0
208 -4 0
208 -5 0
208 -6 0
208 -7 0
208 -8 0
208 -9 0
208 -10 0
208 -11 0
208 -12 0
208 -13 0
208 -14 0
208 -15 0
208 -16 0
208 -17 0
208 -18 0
208 -19 0
208 -20 0
208 -21 0
208 -22 0
208 -23 0
208 -24 0
2019 -1 0
2019 -2 0
2019 -3 0
2019 -4 0
2019 -5 0
2019 -6 0
2019 -7 0
2019 -8 0
2019 -9 0
2019 -10 0
2019 -11 0
2019 -12 0
2019 -13 0
2019 -14 0
2019 -15 0
2019 -16 0
2019 -17 0
2019 -18 0
2019 -19 0
2019 -20 0
2019 -21 0
2019 -22 0
2019 -23 0
2019 -24 0
2021 -1 0
2021 -2 0
2021 -3 0
2021 -4 0
2021 -5 0
2021 -6 0
2021 -7 0
2021 -8 0
2021 -9 0
2021 -10 0
2021 -11 0
2021 -12 0
2021 -13 0
2021 -14 0
2021 -15 0
2021 -16 0
2021 -17 0
2021 -18 0
2021 -19 0
2021 -20 0
2021 -21 0
2021 -22 0
2021 -23 0
2021 -24 0
219 -1 0
219 -2 0
219 -3 0
219 -4 0
219 -5 0
219 -6 0
219 -7 0
219 -8 0
219 -9 0
219 -10 0
219 -11 0
219 -12 0
219 -13 0
219 -14 0
219 -15 0
219 -16 0
219 -17 0
219 -18 0
219 -19 0
219 -20 0
219 -21 0
219 -22 0
219 -23 0
219 -24 0
2120 -1 0
2120 -2 0
2120 -3 0
2120 -4 0
2120 -5 0
2120 -6 0
2120 -7 0
2120 -8 0
2120 -9 0
2120 -10 0
2120 -11 0
2120 -12 0
2120 -13 0
2120 -14 0
2120 -15 0
2120 -16 0
2120 -17 0
2120 -18 0
2120 -19 0
2120 -20 0
2120 -21 0
2120 -22 0
2120 -23 0
2120 -24 0
2122 -1 0
2122 -2 0
2122 -3 0
2122 -4 0
2122 -5 0
2122 -6 0
2122 -7 0
2122 -8 0
2122 -9 0
2122 -10 0
2122 -11 0
2122 -12 0
2122 -13 0
2122 -14 0
2122 -15 0
2122 -16 0
2122 -17 0
2122 -18 0
2122 -19 0
2122 -20 0
2122 -21 0
2122 -22 0
2122 -23 0
2122 -24 0
2210 -1 0
2210 -2 0
2210 -3 0
2210 -4 0
2210 -5 0
2210 -6 0
2210 -7 0
2210 -8 0
2210 -9 0
2210 -10 0
2210 -11 0
2210 -12 0
2210 -13 0
2210 -14 0
2210 -15 0
2210 -16 0
2210 -17 0
2210 -18 0
2210 -19 0
2210 -20 0
2210 -21 0
2210 -22 0
2210 -23 0
2210 -24 0
2221 -1 0
2221 -2 0
2221 -3 0
2221 -4 0
2221 -5 0
2221 -6 0
2221 -7 0
2221 -8 0
2221 -9 0
2221 -10 0
2221 -11 0
2221 -12 0
2221 -13 0
2221 -14 0
2221 -15 0
2221 -16 0
2221 -17 0
2221 -18 0
2221 -19 0
2221 -20 0
2221 -21 0
2221 -22 0
2221 -23 0
2221 -24 0
2223 -1 0
2223 -2 0
2223 -3 0
2223 -4 0
2223 -5 0
2223 -6 0
2223 -7 0
2223 -8 0
2223 -9 0
2223 -10 0
2223 -11 0
2223 -12 0
2223 -13 0
2223 -14 0
2223 -15 0
2223 -16 0
2223 -17 0
2223 -18 0
2223 -19 0
2223 -20 0
2223 -21 0
2223 -22 0
2223 -23 0
2223 -24 0
2311 -1 0
2311 -2 0
2311 -3 0
2311 -4 0
2311 -5 0
2311 -6 0
2311 -7 0
2311 -8 0
2311 -9 0
2311 -10 0
2311 -11 0
2311 -12 0
2311 -13 0
2311 -14 0
2311 -15 0
2311 -16 0
2311 -17 0
2311 -18 0
2311 -19 0
2311 -20 0
2311 -21 0
2311 -22 0
2311 -23 0
2311 -24 0
2322 -1 0
2322 -2 0
2322 -3 0
2322 -4 0
2322 -5 0
2322 -6 0
2322 -7 0
2322 -8 0
2322 -9 0
2322 -10 0
2322 -11 0
2322 -12 0
2322 -13 0
2322 -14 0
2322 -15 0
2322 -16 0
2322 -17 0
2322 -18 0
2322 -19 0
2322 -20 0
2322 -21 0
2322 -22 0
2322 -23 0
2322 -24 0
2324 -1 0
2324 -2 0
2324 -3 0
2324 -4 0
2324 -5 0
2324 -6 0
2324 -7 0
2324 -8 0
2324 -9 0
2324 -10 0
2324 -11 0
2324 -12 0
2324 -13 0
2324 -14 0
2324 -15 0
2324 -16 0
2324 -17 0
2324 -18 0
2324 -19 0
2324 -20 0
2324 -21 0
2324 -22 0
2324 -23 0
2324 -24 0
2412 -1 0
2412 -2 0
2412 -3 0
2412 -4 0
2412 -5 0
2412 -6 0
2412 -7 0
2412 -8 0
2412 -9 0
2412 -10 0
2412 -11 0
2412 -12 0
2412 -13 0
2412 -14 0
2412 -15 0
2412 -16 0
2412 -17 0
2412 -18 0
2412 -19 0
2412 -20 0
2412 -21 0
2412 -22 0
2412 -23 0
2412 -24 0
2423 -1 0
2423 -2 0
2423 -3 0
2423 -4 0
2423 -5 0
2423 -6 0
2423 -7 0
2423 -8 0
2423 -9 0
2423 -10 0
2423 -11 0
2423 -12 0
2423 -13 0
2423 -14 0
2423 -15 0
2423 -16 0
2423 -17 0
2423 -18 0
2423 -19 0
2423 -20 0
2423 -21 0
2423 -22 0
2423 -23 0
2423 -24 0
